0 0.6082303524017334 4801.79833984375 400.0 5807.16796875 1312.065185546875
0 0.6070511341094971 1417.3564453125 649.7471313476562 3037.865234375 1409.5185546875
0 0.411265105009079 4611.494140625 1645.4376220703125 4687.736328125 1669.3736572265625
0 0.5724507570266724 3830.119384765625 1800.0 4039.266845703125 1868.965087890625
0 0.6266354322433472 787.9365234375 2027.4921875 1997.78955078125 3304.5888671875
0 0.2883789837360382 6503.2236328125 2603.206298828125 6575.21923828125 3004.819091796875
0 0.25828611850738525 5601.73388671875 3069.360595703125 5801.51025390625 3406.565185546875
1 0.6033166646957397 3034.654541015625 3166.2958984375 3795.848388671875 3218.66357421875
0 0.2677222490310669 4638.2060546875 3801.19287109375 4755.833984375 4203.07568359375
0 0.8056087493896484 1792.248046875 4344.64697265625 2232.959716796875 4650.236328125
0 0.36875349283218384 4802.47607421875 4603.10693359375 4925.31591796875 4635.205078125