0 0
200 0
400 0
600 0
800 0
1000 0
1200 0
5800 0
6000 0
6200 0
6400 0
6600 0
6800 0
6960 0
0 200
200 200
400 200
600 200
800 200
1000 200
6000 200
6200 200
6400 200
6600 200
6800 200
6960 200
0 400
200 400
400 400
600 400
800 400
6200 400
6400 400
6600 400
6800 400
6960 400
0 600
200 600
400 600
600 600
800 600
6200 600
6400 600
6600 600
6800 600
6960 600
0 800
200 800
400 800
600 800
6400 800
6600 800
6800 800
6960 800
0 1000
200 1000
400 1000
600 1000
6400 1000
6600 1000
6800 1000
6960 1000
0 1200
200 1200
400 1200
6600 1200
6800 1200
6960 1200
0 1400
200 1400
400 1400
6600 1400
6800 1400
6960 1400
0 1600
200 1600
400 1600
6600 1600
6800 1600
6960 1600
0 1800
200 1800
400 1800
6600 1800
6800 1800
6960 1800
0 2000
200 2000
400 2000
6600 2000
6800 2000
6960 2000
0 2200
200 2200
400 2200
6600 2200
6800 2200
6960 2200
0 2400
200 2400
400 2400
6600 2400
6800 2400
6960 2400
0 2600
200 2600
400 2600
6600 2600
6800 2600
6960 2600
0 2800
200 2800
400 2800
6600 2800
6800 2800
6960 2800
0 3000
200 3000
400 3000
6600 3000
6800 3000
6960 3000
0 3200
200 3200
400 3200
6600 3200
6800 3200
6960 3200
0 3400
200 3400
400 3400
600 3400
6400 3400
6600 3400
6800 3400
6960 3400
0 3600
200 3600
400 3600
600 3600
6400 3600
6600 3600
6800 3600
6960 3600
0 3800
200 3800
400 3800
600 3800
800 3800
6200 3800
6400 3800
6600 3800
6800 3800
6960 3800
0 4000
200 4000
400 4000
600 4000
800 4000
6200 4000
6400 4000
6600 4000
6800 4000
6960 4000
0 4200
200 4200
400 4200
600 4200
800 4200
1000 4200
6000 4200
6200 4200
6400 4200
6600 4200
6800 4200
6960 4200
0 4400
200 4400
400 4400
600 4400
800 4400
1000 4400
1200 4400
5800 4400
6000 4400
6200 4400
6400 4400
6600 4400
6800 4400
6960 4400
0 4512
0 4512
200 4512
400 4512
400 4512
600 4512
800 4512
800 4512
1000 4512
1200 4512
1200 4512
1400 4512
5600 4512
5800 4512
6000 4512
6000 4512
6200 4512
6400 4512
6400 4512
6600 4512
6800 4512
6800 4512
6960 4512
6960 4512
