5200 3200 0.7108193635940552 344.032470703125 348.76129150390625 406.5790710449219 406.42657470703125
5400 3200 0.5095105171203613 143.86090087890625 281.53924560546875 275.77410888671875 407.5979309082031
5600 3200 0.27887871861457825 5.9905500411987305 284.1980895996094 72.11235809326172 346.7750549316406
5000 3400 0.7246456742286682 307.58685302734375 327.2034912109375 407.2652282714844 405.7315368652344
5200 3400 0.9035488367080688 99.70027160644531 141.0719757080078 409.8489074707031 409.8983154296875
5400 3400 0.7841301560401917 2.008510112762451 64.9215087890625 289.5513610839844 331.83648681640625
5600 3400 0.29432857036590576 5.7776618003845215 83.5936050415039 72.45504760742188 147.04672241210938
4800 3600 0.8533262014389038 206.6088409423828 276.4062194824219 408.7709045410156 409.8973693847656
5000 3600 0.8782718181610107 5.980594158172607 123.50616455078125 408.2883605957031 409.5287780761719
5200 3600 0.887593150138855 0.6232944130897522 1.2733877897262573 358.37823486328125 286.8401794433594
5400 3600 0.7797738909721375 3.145782470703125 1.8197441101074219 148.087646484375 128.97784423828125
4400 3800 0.8141586780548096 228.08233642578125 317.2050476074219 409.1352844238281 408.5101318359375
4600 3800 0.8751183748245239 17.848121643066406 205.59649658203125 408.3072509765625 409.8580322265625
4800 3800 0.8531558513641357 1.4015777111053467 76.64325714111328 407.4447937011719 331.05242919921875
5000 3800 0.9180889129638672 0.7262193560600281 1.2154135704040527 310.8556213378906 214.97828674316406
5200 3800 0.7960679531097412 4.514726161956787 3.3862438201904297 104.93595886230469 80.27372741699219
3800 4000 0.6554545760154724 245.67835998535156 359.1061096191406 406.60247802734375 404.1922912597656
4000 4000 0.8246809840202332 37.557586669921875 290.9954528808594 407.4508056640625 409.42083740234375
4200 4000 0.8469091653823853 4.431667327880859 213.23260498046875 408.6055603027344 367.9231872558594
4400 4000 0.8505598306655884 2.6394741535186768 115.63966369628906 408.7066955566406 304.4419860839844
4600 4000 0.8643016815185547 0.0 5.397017002105713 403.3504943847656 223.05209350585938
4800 4000 0.8606480956077576 1.298216700553894 0.6848929524421692 216.238525390625 125.13125610351562
3600 4200 0.28812113404273987 191.79579162597656 212.1703643798828 405.912109375 254.9871368408203
3800 4200 0.5118700265884399 11.271783828735352 157.3851318359375 408.9904479980469 255.93409729003906
4000 4200 0.8033437728881836 14.817671775817871 88.50831604003906 407.86480712890625 214.27488708496094
4200 4200 0.8569297790527344 5.119176864624023 10.920088768005371 406.17059326171875 166.40696716308594
4400 4200 0.8586889505386353 2.2149465084075928 1.847701072692871 226.1311492919922 98.09009552001953
4600 4200 0.25008413195610046 7.379523277282715 0.638420045375824 29.285032272338867 16.232704162597656
3600 4400 0.3325663208961487 198.13031005859375 11.369502067565918 404.8683166503906 54.24897003173828
3800 4400 0.4630762040615082 8.378561973571777 8.220291137695312 215.2109832763672 53.44865036010742